id,Predicted
0,22.50678388406062
1,139.7763117377863
2,71.6111108104639
3,0.039377874939608405
4,80.09777996177421
5,73.57146429522663
6,8.963170837471518
7,60.615621851122526
8,71.83852328107463
9,5.137552256826848
10,137.3744986788908
11,50.416643442647306
12,9.019547606748617
13,35.6148888130311
14,55.26162361156048
15,3.132685657568535
16,3.028007930655945
17,4.490125938685629
18,7.9205282462295425
19,5.871655085170201
20,3.186423085540284
21,9.678940613311799
22,5.8395409348448
23,6.906142207669248
24,0.0
25,4.773965177809425
26,0.0
27,3.290259627509107
28,19.43804387891287
29,39.60808949507167
30,6.06734967648686
31,1.209762636930869
32,117.12843439235044
33,15.948528675789953
34,126.02431835225241
35,55.69435061884171
36,3.9982984402811725
37,75.39673574202482
38,55.023644158767084
39,11.125538958694998
40,67.84752423976434
41,88.27208777494852
42,4.894843400589101
43,123.68935939735283
44,32.48589270176937
45,22.60524480311726
46,13.726962628491629
47,56.631625212732935
48,16.527742354695185
49,4.427957996433899
50,6.336149077735183
51,5.354100639426034
52,4.235209880636004
53,2.476982843712114
54,9.318998739680971
55,15.991729571790895
56,6.670540250422832
57,0.0784780356165733
58,5.23818454024903
59,5.048004907391017
60,9.422129241680064
61,50.06691009546735
62,104.59268057004579
63,7.001458998389635
64,5.324980335351734
65,79.90777380059326
66,2.899842098751333
67,28.801288709786196
68,66.82144910806255
69,0.8080563409097428
70,21.342054040653544
71,18.95625932624823
72,8.744432122541104
73,56.6838838199595
74,36.68642548912577
75,1.2860958373584246
76,152.82901430013678
77,30.758300609218423
78,13.06159065431981
79,31.629372589246486
80,71.74767417605567
81,1.412785118437389
82,21.704796276448747
83,8.996380377066888
84,7.470118752360629
85,42.86752888985782
86,25.543308797086603
87,11.425513923559794
88,68.82955120834833
89,28.550123723903756
90,4.144093979366599
91,4.6079421701368135
92,8.401676927124603
93,0.8122135261529767
94,31.985696337256986
95,92.18159740475014
96,8.270823982531061
97,26.443950308085924
98,83.86373689351369
99,218.38320157843273
100,253.65732277015655
101,254.27705695799335
102,223.75257750069522
103,248.96547938986924
104,244.48077778912702
105,198.50024144499582
106,271.2361343478206
107,293.7666806244516
108,192.87195476691784
109,274.72041966075574
110,190.88721393550247
111,196.29449695925484
112,262.51586304247155
113,256.10601788556323
114,218.09017957256978
115,33.21692638558833
116,37.10447626507805
117,238.71858307062888
118,229.21276623957087
119,266.7246493583653
120,188.81421978304337
121,288.77801185670126
122,210.84291867935252
123,241.09688005498455
124,207.17398646361056
125,224.0720718304999
126,159.49973729805276
127,226.22262595682088
128,219.4125215559602
129,215.9501232818307
130,17.23378234651242
131,15.668289279870677
132,259.88919147741666
133,218.39127539016954
134,243.54885026687361
135,253.79144254960633
136,287.7760723655076
137,219.8520387602419
138,144.7949403909277
139,252.6088660981831
140,271.2247708321843
141,133.64459050831516
142,272.76081936664053
143,190.9711963659667
144,212.8555236104027
145,183.54568617476002
146,185.23573162827816
147,246.62786945066227
148,0.0
149,299.1617405828347
150,218.56615061450276
151,226.9696592861742
152,247.72463364462965
153,165.97918643811423
154,152.5439025691038
155,260.8565545340556
156,184.25392382736328
157,204.87360160204466
158,230.15587296582004
159,177.5808830629845
160,218.35382208828355
161,16.7355624033652
162,214.80095054169865
163,48.76483359426237
164,304.2656180675699
165,208.77499559188396
166,207.97248191084518
167,280.6688449247839
168,207.2627063177644
169,254.81722848534665
170,228.20636392533643
171,174.8788017231751
172,241.36057898864243
173,296.3366047483818
174,170.15188742977017
175,259.0618929594092
176,112.28063267699335
177,182.70406480514617
178,300.9330797358815
179,269.0334038100046
180,223.3570225092489
181,240.47446461406747
182,278.2066168757598
183,196.06053903752868
184,224.45640373133514
185,326.13840281066837
186,164.1161904681133
187,199.39069617185706
188,247.67229136417933
189,209.25837709732644
190,246.29033745015477
191,235.82780378108268
192,160.96870280702058
193,274.12645039825134
194,214.66006291023888
195,214.12289249465928
196,45.37115885380134
197,255.39397623015498
198,213.877055943881
199,199.00371306601772
200,164.48801217092551
201,213.877055943881
202,241.92633135398376
203,243.21396407676264
204,213.877055943881
205,241.92633135398376
206,243.21396407676264
207,213.877055943881
208,241.92633135398376
209,243.21396407676264
210,213.877055943881
211,241.92633135398376
212,243.21396407676264
213,213.877055943881
214,241.92633135398376
215,243.21396407676264
216,135.94223773223862
217,241.92633135398376
218,252.57050207291542
219,160.7205458518739
220,184.2778531473805
221,219.01573530574836
222,257.6037529566993
223,206.81351258440927
224,250.75587076352363
225,116.36232580336714
226,267.98493996502657
227,230.31623834010696
228,213.877055943881
229,167.35326464367444
230,285.3138265333363
231,252.33167370873997
232,187.90688251489286
233,246.0509926706668
234,205.81036411620738
235,270.54399683663917
236,192.99578630212085
237,142.29733839458584
238,278.827799631961
239,308.98756245424215
240,146.9382492804337
241,230.8923205060838
242,184.88644472832777
243,267.6699912784879
244,199.0721289380651
245,174.64429234517237
246,208.69167870751124
247,284.10493827724366
248,284.57257215244937
249,223.11395629287745
250,314.3550181683173
251,200.34509099604162
252,143.1405802950378
253,264.42912125282976
254,200.19243988104512
255,243.52829170882742
256,261.8370932453382
257,251.41491220862684
258,171.50522996194735
259,283.19025147421263
260,18.619616868340565
261,213.89885080956176
262,69.58419254095153
263,20.080577465422884
264,205.0610896979219
265,207.76982751008615
266,268.3308737498088
267,163.92234998041573
268,218.14248399314147
269,310.16099953098353
270,152.63735222614713
271,41.30294538733915
272,292.3186249887666
273,183.4377485349994
274,231.13014864550578
275,154.70444590403434
276,217.4923488131646
277,268.69914177775684
278,259.7594087592055
279,223.05370544783074
280,246.8379893341349
281,224.02562798851105
282,44.68918220886973
283,242.00145713301177
284,247.69509757988348
285,142.933824421175
286,201.75376005608433
287,227.8387337287683
288,213.0071869513793
289,215.78400326273632
290,210.28555874175885
291,69.3666290999727
292,265.0257459165443
293,213.60074042206892
294,187.84866051528783
295,8.199376135133116
296,0.0
297,230.29864459089936
298,200.41318212055674
299,301.20487653715213
300,240.7098678216101
301,5.020226775764554
302,155.27658723351365
303,180.60174060864497
304,260.4870647673848
305,297.3102133299494
306,123.3075431253493
307,209.2291471924904
308,207.86870592912547
309,227.04294428194984
310,227.87145695941658
311,178.1577793572755
312,216.0838547515372
313,157.56610227002434
314,29.299915143533298
315,225.4109774952026
316,141.30623320300316
317,290.35607386627987
318,153.73784779708896
319,249.8817198067888
320,229.00128573231694
321,206.61629264776303
322,203.77152642873278
323,219.12490704148414
324,159.45855006802086
325,284.84185009854934
326,230.95503083110103
327,215.92967814940485
328,151.57394901114225
329,27.004942681832762
330,218.13643630449732
331,251.13100247563384
332,275.8842824675214
333,173.71985501093562
334,252.27792470558543
335,204.59295609451613
336,155.58340892891295
337,241.10616134093397
338,304.0439299962105
339,165.5185410302714
340,252.77034271063158
341,200.07160499262784
342,185.60138250763188
343,270.12889019069655
344,175.83339976667796
345,240.0592727483001
346,163.1607191058422
347,169.1776104580328
348,201.9508183231318
349,286.704913191002
350,192.84099650580987
351,195.89879452895917
352,200.75142853292883
353,138.5442292133511
354,155.59035630297862
355,246.2581847537123
356,221.63235720647157
357,171.32975856878556
358,200.7942606393529
359,36.86065960265704
360,202.1483937446093
361,34.87177991215285
362,283.65783283044084
363,235.9166063152646
364,261.83456843955497
365,248.37391166154197
366,259.87688504859955
367,277.0066203862737
368,236.82668362121694
369,149.69471687275055
370,272.1957296578116
371,295.3038948932277
372,172.97571641359934
373,242.59190934835138
374,172.04149420097463
375,206.3801436005878
376,192.88113212829052
377,257.2341896507752
378,150.60155722103622
379,211.21432885832846
380,44.23972692860267
381,235.1896791138096
382,236.4336721856801
383,246.35205293975113
384,163.7323133397433
385,289.8633852865723
386,196.56737716354755
387,229.4320681185548
388,208.70794994233924
389,250.81601161744794
390,147.21433780393946
391,273.4914529165539
392,88.11357074971257
393,224.34784204492948
394,149.56655926870081
395,45.72645172956244
396,198.9225052846704
397,289.9595659114012
398,241.47240016024725
399,209.51954352686954
400,236.4432701274609
401,263.1824262421345
402,217.63448692874945
403,292.7468402238331
404,315.27777344396907
405,163.764773994472
406,226.19641330508702
407,211.19827501385157
408,205.94466369095682
409,275.0406186243947
410,269.1140999939016
411,134.48756179037406
412,24.398189169755508
413,69.48839598611325
414,213.38513826291555
415,204.2230305810087
416,231.19673154685523
417,114.43007047332344
418,253.45298162266334
419,123.98254749096388
420,222.669818662017
421,214.80841416566
422,235.18410501002504
423,155.97750334577182
424,258.2218491446567
425,70.33933666171158
426,198.166127401535
427,60.01611326968698
428,2.6278385212820172
429,230.41453137510743
430,223.4977107632741
431,231.79039209921643
432,197.6436153142909
433,235.474552244601
434,260.218156525347
435,162.03852745320881
436,265.09735150673174
437,303.9121208168716
438,193.67441414959973
439,199.20562056404992
440,174.12013725575343
441,208.32454013089801
442,288.52262265355387
443,189.1903111486617
444,143.15702364858936
445,243.98352921516636
446,286.2501635041587
447,233.7187739315728
448,321.6599157601641
449,296.08956977075275
450,199.32165454661137
451,282.8797272889106
452,216.8969647872089
453,215.96586702638092
454,217.7379015435127
455,166.42521121271974
456,203.66558233366527
457,272.3551651013837
458,33.566400202956366
459,222.3619691518302
460,174.85893722416148
461,287.39044230131634
462,191.82228022619887
463,290.6631275055531
464,304.7082524515951
465,238.49686048717476
466,260.8607558859151
467,250.5906426978288
468,150.39428789252315
469,318.9883926060801
470,195.6643469155039
471,156.43681531310796
472,245.42173345022456
473,186.77417776495537
474,77.85488302062743
475,235.5407910263345
476,171.23336641833075
477,79.79669371631708
478,179.59447001069668
479,312.00597857523445
480,213.25951950921822
481,312.6425049498193
482,283.68278269334405
483,161.5172479961133
484,283.00412196148585
485,225.66182032784644
486,243.1316178549293
487,192.20902764787493
488,205.3925868333792
489,156.23399310191417
490,242.51108367286625
491,259.28966569726106
492,197.60371371491607
493,69.13815588078967
494,22.547859890582366
495,158.33198131075045
496,186.2707742967231
497,281.8475707850336
498,182.5916720704245
499,219.09200631446024
500,103.88506372378201
501,72.28978714586461
502,121.73593663010902
503,154.71060047395522
504,191.97304964454653
505,166.21797090727833
506,220.7062199980186
507,184.7956733063804
508,228.39650209782917
509,165.65513675155802
510,199.37180650860486
511,153.66571579625432
512,270.71109310130066
513,198.91807518762135
514,116.0126430823278
515,188.88112487921427
516,86.9762089227181
517,148.4709040066291
518,154.6812156967374
519,169.42874972590602
520,162.74886978293537
521,220.70085629560086
522,175.98903068044604
523,0.0
524,272.17895591971944
525,162.74612041272877
526,241.04746584618806
527,283.3935931257329
528,186.96173596495024
529,163.28588624658352
530,276.328980188472
531,190.74288272084036
532,237.24901223836181
533,140.87181919744484
534,119.55598857912692
535,159.44224601325658
536,178.4292387434739
537,190.29678727440142
538,131.56481071344004
539,138.46365483229357
540,221.54402666726634
541,234.39254204627073
542,207.15067488899484
543,186.90240850703
544,212.76579073235308
545,290.5166865865727
546,207.70108875780335
547,136.4353762391513
548,200.78948329892242
549,97.85215108857373
550,103.65389242630258
551,151.2837372304122
552,199.48446485055018
553,130.18410044506692
554,215.50834692313833
555,198.18783278025808
556,4.426295562502051
557,263.54518736919874
558,173.6672558343062
559,98.05719920553753
560,296.06797775346996
561,154.57619447972036
562,207.06115571709856
563,110.30445347997106
564,167.63317646649296
565,107.47220255320049
566,44.767529964678374
567,74.90704663459746
568,216.53840752243838
569,24.470065975297025
570,156.5070159700677
571,12.183417629116896
572,133.95787500492983
573,30.189298808977885
574,63.80641645076712
575,46.61389439053679
576,152.47470524950396
577,2.7512760334396704
578,187.84441450506364
579,150.33382098708165
580,164.9979305580336
581,2.877779617717647
582,63.347311918302395
583,99.85996491599631
584,0.0
585,85.71440486767742
586,3.788291217210221
587,13.871932406742758
588,156.38086336940816
589,2.702449788642684
590,84.49046621680081
591,119.92849646903683
592,175.95280096648736
593,267.617833228495
594,25.036184932336727
595,4.582183027621767
596,2.1132960243496535
597,8.933609159366885
598,3.3608086147426555
599,3.8065921921668613
600,27.289295137357733
601,2.874435170831827
602,2.3564779469771
603,9.817605411140683
604,2.386091366713982
605,4.537685148586028
606,0.33725024334638326
607,2.460935359247048
608,4.8302778019167025
609,16.47849078728477
610,0.8075892522134982
611,3.5852854473818736
612,15.790296817370827
613,0.0
614,2.4184997871980505
615,4.776882998419999
616,0.7640871639960414
617,9.835055000497093
618,7.223611816479067
619,6.557744491796475
620,3.3175604205713207
621,31.19774871684769
622,22.301660867886955
623,28.87729534506463
624,83.4138806401894
625,2.4945859538635866
626,0.6764761072904866
627,175.34958394515874
628,111.1913389876897
629,168.9983643080308
630,166.24683065751833
631,110.29655153492668
632,148.07172398117066
633,37.112200539214314
634,10.952518293655547
635,12.700296982574319
636,162.45055711341973
637,2.8363875609893023
638,107.78429423754274
639,145.9710903771308
640,146.92033179879428
641,35.86736282589782
642,139.4832776358947
643,140.33873516916708
644,134.27943025660525
645,45.54831150310374
646,87.0241955757872
647,4.263498893468819
648,71.3218385053641
649,105.72499337640868
650,135.45042042240217
651,142.34523414973296
652,124.50376972298173
653,67.93947932125279
654,142.17533220890442
655,75.4224768592672
656,134.32669157259465
657,95.34227441718669
658,125.1062694822612
659,195.73204147021326
660,170.31092172202094
661,7.243954240172002
662,121.21568476421419
663,193.9307067655171
664,3.388938592989798
665,5.959260662831566
666,119.73639347366604
667,218.50344239025077
668,32.73979762638218
669,193.69882514990724
670,10.01366549798119
671,114.91358134210152
672,89.87672536068834
673,24.939315234663816
674,26.236314282032776
675,105.6899833888302
676,12.90379493837663
677,8.085279373630872
678,136.98773280758795
679,127.8320256421564
680,170.79644232306106
681,84.93858507634201
682,110.3361737100593
683,108.7399190516389
684,138.02486939028432
685,129.0259867662784
686,68.64052320477306
687,162.4050033073486
688,60.228510145057555
689,72.93170064382976
690,130.72096286318967
691,177.61366327257784
692,207.49933883801
693,2.947270695163842
694,2.9526635691897685
695,23.244219887965006
696,4.182059636327443
697,1.6654541213891005
698,5.739289442441281
699,3.5499822996419654
700,0.5438090425931905
701,8.85361808828869
702,4.955904185974884
703,8.60547918594878
704,33.96282737341535
705,3.4623232793681877
706,12.853577292408266
707,3.5039928263855353
708,1.5345097732111692
709,3.9068015772751905
710,0.0
711,1.1387352200731826
712,2.564468207341899
713,14.112907357669721
714,0.0
715,0.5844862845254858
716,9.856322456391087
717,4.172482124576142
718,3.6644622089300585
719,10.291845810564338
720,6.255103308600802
721,3.3283271476758545
722,55.985240684985925
723,5.706052035639371
724,4.195286446793336
725,131.93045737636635
726,4.225300076081906
727,107.65326478272326
728,190.167860240327
729,4.499146551621728
730,5.178141073980148
731,83.03124317290084
732,122.73674201701733
733,31.640525962002396
734,72.71016044228104
735,107.82724524580412
736,3.4855452043596067
737,42.45537063503856
738,112.88497983964183
739,7.574309575823865
740,37.36228322183464
741,5.374878029764625
742,177.58515691335955
743,71.43997943157088
744,154.36047137717702
745,45.218625900624396
746,40.24880494400908
747,105.18999227320705
748,5.483086634448568
749,42.64442416247637
750,5.627492249828258
751,7.858175393347146
752,60.172838501868206
753,7.293034820405666
754,5.285807233552186
755,91.57025087550777
756,6.378533332869027
757,3.626326507868557
758,138.56764587158477
759,237.25778155463772
760,163.36058743511006
761,197.57867229684888
762,250.87019247930908
763,1.1797857494790933
764,104.72761703651497
765,147.40166395074772
766,120.33185165438545
767,85.77586187649717
768,100.64262224781075
769,109.74525864426869
770,142.0923744901421
771,158.0214156303668
772,63.017512774619625
773,94.70757600883736
774,134.1879124249847
775,10.066743557127012
776,107.15513612999305
777,163.19695755053795
778,146.9942427331789
779,91.93806839771831
780,170.27526507853784
781,69.51301867863819
782,84.5149541592152
783,69.09314993507546
784,152.00971348304904
785,97.51106289124263
786,93.71784283347543
787,149.7142419693835
788,138.99935767792587
789,0.046127017040318116
790,6.73398598839502
791,164.1735974838965
792,190.90498369463666
793,128.00627888341802
794,162.35163782331824
795,235.0261397887366
796,149.63588985321343
797,65.4115586056602
798,5.418854491629476
799,22.191237273089722
800,180.09736048278873
801,135.8430147511031
802,103.2537836362857
803,190.37469327395587
804,185.82472871216345
805,107.13658999263873
806,178.82618020429607
807,3.543247428123147
808,55.42837313690867
809,161.00555620264626
810,76.17190971178802
811,168.1196475572287
812,100.55610266202244
813,68.41017743558704
814,72.66921706348623
815,148.04842513719933
816,138.6867984999571
817,53.8764839449163
818,177.06740574809527
819,53.92877614362912
820,92.21398852885987
821,119.42956826111406
822,172.8747000654536
823,231.46753316282735
824,179.16923340414138
825,242.10116920365908
826,173.7603432383314
827,168.79752260462067
828,246.42112611651632
829,56.307141519337904
830,62.709886048386764
831,188.2050650357754
832,29.93985540141
833,51.782141338416906
834,164.49509419350093
835,137.63894905577084
836,136.02935595021194
837,165.57579225186674
838,142.11495294361333
839,203.02362941488448
840,0.7033622416912996
841,173.44366050073003
842,167.37018946197426
843,155.41846610217073
844,162.54224167772932
845,96.11509844679912
846,91.91945392687289
847,139.47283784667488
848,164.49257474088367
849,175.03870122124405
850,191.0279773514483
851,184.33141178036857
852,99.80232975662713
853,146.08562694217272
854,115.92239042737921
855,3.3783886564906873
856,5.363100060113297
857,176.99651201934176
858,251.80579142055635
859,157.0494712145043
860,68.59361189008987
861,111.38223399025246
862,129.90144684903538
863,73.00359037430593
864,121.27815636865111
865,102.01742853882831
866,167.5658369302744
867,83.85005139895323
868,87.96956892712822
869,114.15122422823838
870,170.2948098442627
871,141.39859285224765
872,195.89645998588975
873,157.7340510665106
874,202.7136228867208
875,145.8670398292158
876,156.7186995108247
877,177.85396039629646
878,88.99758691974907
879,119.68631734199194
880,71.7878541840223
881,169.91970043671438
882,158.4943777982333
883,98.90015577508201
884,183.3325435731999
885,88.8477219915779
886,69.28366915908431
887,100.88068959720086
888,151.5798798765758
889,192.29895806468443
890,209.9892635783126
891,231.28973517586707
892,143.4226925806375
893,78.69598347700244
894,7.211843039185824
895,29.836647452283348
896,78.57967083816646
897,28.27556537312301
898,35.0420722446648
899,187.88852064260118
900,182.21352614342726
901,99.43997767563292
902,147.4690645782353
903,170.28179253452245
904,108.41508467142835
905,181.84427655234057
906,0.8216290020616246
907,177.38235078173278
908,174.67594084628303
909,133.76916915386818
910,149.84036693013508
911,112.55021754709591
912,71.7767889565599
913,129.6421956719809
914,174.07300274298342
915,92.40835113785508
916,77.38709755480481
917,176.19583824730765
918,57.4515683924198
919,90.87891400607651
920,112.00586670911
921,117.22218278045503
922,188.96301713007668
923,3.3344374481663293
924,84.50875245192898
925,136.16526563362808
926,6.181195458514906
927,54.62794950171299
928,85.81675032560065
929,0.9707726195644264
930,62.61642299450618
931,4.272449963239724
932,0.22120590875941346
933,62.8884819422243
934,26.36995300834471
935,1.407678777609224
936,40.25535774205467
937,1.0788734931924324
938,4.140499012473821
939,0.2549362890734287
940,117.78912470331973
941,2.0814688122729263
942,113.79682182964652
943,134.87954634657314
944,6.06734967648686
945,125.97045902534629
946,131.36036696640875
947,3.9902738623757728
948,77.9596723118345
949,107.19880775680471
950,1.3111027807773687
951,9.303859715905535
952,0.31907494006810433
953,6.9072164559512785
954,5.054872246620735
955,2.2950183549612566
956,0.0
957,14.355047061027292
958,36.23590034098095
959,13.323478093269458
960,31.74624795044186
961,7.755863359907269
962,4.219333354590974
963,0.18973638157650666
964,96.77448549249357
965,4.771708156948901
966,101.46553749301384
967,113.24592780020973
968,7.001458998389635
969,112.68176503564607
970,115.26064465308578
971,0.0
972,41.44838734194658
973,118.70357743001304
974,1.0534404532881596
975,64.43877694732225
976,50.527742843540445
977,12.407832241451091
978,52.53199332453774
979,21.95861431793811
980,4.903456457615857
981,4.721712641624409
982,4.821262558546796
983,7.584193908365234
984,9.673498008819134
985,6.01441221878769
986,4.9918779714443104
987,10.902818137248392
988,117.4775883551296
989,19.36636000486389
990,63.49626831017925
991,92.47546713510498
992,8.270823982531061
993,94.97987769827755
994,92.12335538299868
995,229.3241607818914
996,21.08751338983276
997,166.43482846090563
998,220.10083381709427
999,243.27245798019516
1000,224.80068663438115
1001,159.62810186207412
1002,249.45030797297142
1003,219.92400665318655
1004,244.03067849115405
1005,226.02135460302256
1006,253.23481656039456
1007,271.506394404838
1008,257.99731244615595
1009,286.06179862848967
1010,255.06108276266468
1011,250.0201410683213
1012,288.4978210987601
1013,246.15959370005416
1014,281.1245903567124
1015,310.9908085363804
1016,215.9501232818307
1017,279.2294595692353
1018,302.41527054423796
1019,241.71314208567205
1020,231.4847029333016
1021,244.9903834662194
1022,184.06193891226593
1023,278.63267668236756
1024,201.48073308204343
1025,224.74279154692357
1026,233.64919333465082
1027,206.2762839691765
1028,282.8626138506503
1029,230.5531637764308
1030,245.4844801983656
1031,267.50227222321735
1032,287.7006325478866
1033,270.847761201223
1034,283.404518637549
1035,274.8271204062212
1036,277.39640540568723
1037,270.0547796665727
1038,299.27703871048027
1039,270.31626659006406
1040,214.80095054169865
1041,92.83827746834177
1042,266.91118895355396
1043,253.023798274738
1044,284.26379549520175
1045,250.99484056397446
1046,222.52241562115302
1047,287.03093127814304
1048,301.9417808194143
1049,207.94894363437365
1050,181.9597678357535
1051,286.5313370294356
1052,239.94167401503546
1053,190.61761925129804
1054,279.77775926977824
1055,263.8383950389903
1056,236.5928220904729
1057,292.4105589567311
1058,234.4400612812555
1059,260.90290078456457
1060,291.32127538319537
1061,247.1594519580277
1062,289.9973852057052
1063,255.19562797075554
1064,214.12289249465928
1065,275.39679173895126
1066,258.6143839944167
1067,271.8186393414399
1068,286.29274041317757
1069,208.4780445568751
1070,251.8231302711945
1071,182.17607529365722
1072,295.30389172362595
1073,142.97980345575849
1074,276.26254429597077
1075,200.07177158455474
1076,266.44143167441945
1077,246.735145016614
1078,261.1824754733514
1079,276.5723574127539
1080,207.53766546227502
1081,273.67599420144853
1082,243.97258011901172
1083,247.15393134417982
1084,312.908678054196
1085,256.5547086847613
1086,281.6360890201499
1087,276.9960418880273
1088,213.877055943881
1089,263.470400647382
1090,262.7549790880227
1091,268.12655094172294
1092,280.7697814572439
1093,165.12100950109553
1094,268.5270248728634
1095,206.9344898858576
1096,284.51991484239124
1097,245.05065981344688
1098,236.90312647925657
1099,291.6413180121027
1100,270.029991042409
1101,213.70105224785493
1102,285.7823688323581
1103,172.77009096341146
1104,295.3677620226276
1105,170.117660514848
1106,292.06034471039146
1107,299.81804638837167
1108,285.46530272723885
1109,235.76980561850763
1110,239.86012467180234
1111,311.54646588616987
1112,213.89885080956176
1113,259.8682042665174
1114,314.03396438435345
1115,279.81229978308636
1116,248.94395286268445
1117,226.08244799242135
1118,204.74927293636807
1119,257.10341799263205
1120,316.58130459323365
1121,210.04240606708646
1122,185.38718108701002
1123,240.08274758760686
1124,213.8349483544323
1125,129.58589974908202
1126,172.31721481566345
1127,236.8740198775594
1128,251.55661327015451
1129,235.26935614201003
1130,234.10230170390173
1131,261.69986396215967
1132,316.64802368928605
1133,249.31856482140452
1134,278.53120431617856
1135,295.9543930500362
1136,187.84866051528783
1137,251.5618436172481
1138,275.52856092937014
1139,211.31849547268274
1140,252.70022708319462
1141,221.10744753308927
1142,229.46820186921644
1143,192.503113174214
1144,262.5832964634768
1145,207.3324819073874
1146,294.0384489351929
1147,190.1968295603745
1148,263.21906508134873
1149,233.27012836276168
1150,268.8559784644671
1151,251.55604244283148
1152,306.0473448305631
1153,244.80831417402055
1154,250.5938787918025
1155,302.1493353892423
1156,270.6647851437001
1157,266.7062324180599
1158,178.0775637820471
1159,100.71414690410822
1160,215.92967814940485
1161,317.4693240014425
1162,301.09112175600166
1163,261.03873278392695
1164,249.36783912232218
1165,267.654905022977
1166,180.14639399158733
1167,170.79758375970965
1168,267.58471697478535
1169,155.23531412917526
1170,216.23263430973992
1171,134.61736762109092
1172,227.9659920569069
1173,243.51298903298584
1174,291.78632382762015
1175,251.3095940081631
1176,247.83270113266963
1177,220.88104944790933
1178,224.89555958253268
1179,266.9803009593899
1180,261.5278263376481
1181,255.21311374818188
1182,249.57165331156278
1183,310.7147722110967
1184,202.1483937446093
1185,273.1884586311086
1186,290.8381958876634
1187,278.049201236928
1188,266.4383918125319
1189,197.0763041612061
1190,239.7693246315871
1191,316.0667576699584
1192,144.20348657767107
1193,235.02840660934643
1194,283.12397633665347
1195,235.72985102434282
1196,266.8168833331903
1197,203.5744132068861
1198,283.1792883587032
1199,282.74424127187314
1200,261.366511165704
1201,296.4709721095992
1202,222.62117502199516
1203,316.26602083397813
1204,317.05035835351083
1205,263.9962746466898
1206,237.90044801572927
1207,324.98472099340574
1208,224.34784204492948
1209,285.03378290055235
1210,320.93257152903044
1211,252.36312347211188
1212,272.59693014558735
1213,222.233149230566
1214,212.36792070481283
1215,244.61988146621314
1216,147.13799954684904
1217,193.9084637171382
1218,268.73318612893354
1219,205.40952154748342
1220,257.07756031763483
1221,198.6934057483567
1222,242.04977654343233
1223,240.2616703741905
1224,297.2171793700597
1225,263.5273111316812
1226,229.46035068721636
1227,261.32287563731234
1228,290.67919665338786
1229,249.88466196315136
1230,261.1544818115164
1231,314.93235718171803
1232,198.166127401535
1233,309.2420004866081
1234,283.21809322210896
1235,225.3969970933859
1236,292.8004675858441
1237,219.62072412041516
1238,244.4671980335949
1239,185.85130627573523
1240,139.08754697553223
1241,217.7349937102137
1242,174.08976078476007
1243,193.61343815970997
1244,277.7588609649715
1245,261.1717401925039
1246,255.3141249830765
1247,262.07174499455556
1248,289.13350960052713
1249,228.01613439892589
1250,247.9629840213368
1251,305.0060223091791
1252,263.09128384370905
1253,277.8662090357128
1254,293.33377613001363
1255,264.46794509572595
1256,222.3619691518302
1257,311.69744984719694
1258,323.0780309287152
1259,206.0074254474351
1260,280.97683780384057
1261,178.76821782159533
1262,187.69686004347076
1263,256.7884379373596
1264,281.2682979027546
1265,215.33213081901212
1266,270.7743687349486
1267,183.28801609341832
1268,250.95118611339657
1269,200.68811453832512
1270,273.93271543408576
1271,277.236224045556
1272,50.54729819871227
1273,149.15510877740763
1274,241.5710466338466
1275,307.89803038592
1276,284.4687909414587
1277,222.46905193607782
1278,284.07914721558006
1279,260.14229740397957
1280,197.60371371491607
1281,294.28609443899234
1282,292.2481313154952
1283,193.3142088757715
1284,165.94804099343008
1285,179.4638993357855
1286,202.78033337239782
1287,297.75109033698624
1288,136.37657041546845
1289,207.80902441848465
1290,310.63071257843785
1291,198.23634172667144
1292,221.38628243286252
1293,219.82179433123991
1294,288.4855187319504
1295,113.5067969999815
1296,310.1081619402013
1297,303.8153818576171
1298,167.193308843389
1299,284.19104395527415
1300,114.16367711072874
1301,58.15628592211617
1302,222.13831056530444
1303,5.512990266030946
1304,166.54878699346068
1305,2.2476939854398736
1306,2.6776287125187954
1307,204.4897798356339
1308,192.63912167350665
1309,185.97742002298864
1310,216.5429255067658
1311,289.46952968681074
1312,159.1499002445011
1313,210.65470424664045
1314,308.8026099659648
1315,209.9383151866967
1316,192.16175965279828
1317,198.62281554417478
1318,277.16238617799326
1319,134.70532934723096
1320,298.95387192198933
1321,296.5563566948004
1322,156.71442444173948
1323,268.5896676328565
1324,133.24360569189255
1325,41.90459960317989
1326,84.0986947541872
1327,0.26851243247360446
1328,162.74612041272877
1329,51.12677733411077
1330,0.0
1331,152.566984781791
1332,203.15826465400133
1333,212.84693676225797
1334,163.9141009665361
1335,255.1078218398737
1336,99.88117850840561
1337,151.40015994141956
1338,145.05430740975845
1339,167.63962857029895
1340,206.73148448611488
1341,131.83778461519924
1342,261.6086360456628
1343,131.64387674961236
1344,265.615342594312
1345,310.049284574484
1346,197.2137987243288
1347,293.1909099174514
1348,134.01955934622322
1349,84.88063958008897
1350,183.4798744862407
1351,0.0
1352,173.6672558343062
1353,7.632723200766138
1354,1.9893428851129324
1355,70.05191243736861
1356,176.1842083804057
1357,151.5426737742245
1358,113.5190346935623
1359,227.65862050184478
1360,7.135892027699941
1361,137.1427788901084
1362,282.09758108338775
1363,155.54757205078357
1364,123.42540653985377
1365,118.65854689105302
1366,182.824862655612
1367,93.0355554851135
1368,155.8355568542071
1369,233.33880077006944
1370,213.60474781150145
1371,164.3916952225662
1372,210.23258714725233
1373,67.28105078009352
1374,50.82894214549658
1375,107.39690115251524
1376,119.92849646903683
1377,7.024334534941554
1378,9.70760790662394
1379,146.6121129710022
1380,216.56852111649465
1381,160.88067331357968
1382,149.42837864523833
1383,121.68191284052125
1384,223.83023064950171
1385,53.17089812351293
1386,13.559383747325906
1387,24.24699692938848
1388,120.01888201192676
1389,13.720501272341073
1390,181.85724860744503
1391,92.4747565664554
1392,133.38572714821143
1393,215.51649307876406
1394,173.22375496109817
1395,156.90399341728244
1396,183.93981763639152
1397,141.76220577102762
1398,203.2447285527931
1399,252.93474546030166
1400,83.4138806401894
1401,265.1892585384718
1402,122.48914887406995
1403,141.17026252193335
1404,11.920845186258804
1405,52.5612354040064
1406,139.17353501972616
1407,203.82280397643143
1408,6.290108986350847
1409,147.7532830672071
1410,189.21493563470995
1411,161.0470627033697
1412,136.39022482838294
1413,121.52916750403104
1414,180.66947975001048
1415,131.9875952456674
1416,133.2923341282147
1417,233.8330043420599
1418,142.8817160898669
1419,261.5521297886699
1420,182.98514895296663
1421,45.7122206294149
1422,47.72400707850058
1423,128.88059273006186
1424,95.34227441718669
1425,3.344227333233455
1426,6.092798674981951
1427,121.7404798104063
1428,205.9644938363224
1429,163.01046884938904
1430,93.35854564961923
1431,251.11634043778577
1432,269.05454780921707
1433,108.20083903547709
1434,121.62166806246414
1435,51.879458848211094
1436,95.80962228538269
1437,225.07280444068368
1438,147.63458308460284
1439,83.15920941890381
1440,215.39508409533414
1441,224.06452924244604
1442,213.76029600502753
1443,235.80795856982536
1444,173.637055605782
1445,165.94435472366405
1446,229.62664135928213
1447,259.60352793335323
1448,130.72096286318967
1449,264.530838616866
1450,107.129601960437
1451,27.228357084118194
1452,229.57027881243448
1453,110.58924007667244
1454,191.41684432462574
1455,233.17306800977468
1456,269.5129639337405
1457,149.1978506530407
1458,226.65918616795005
1459,165.18869267444262
1460,125.32466862709612
1461,129.3959097145617
1462,212.79775502902663
1463,24.592126084189537
1464,91.72423500751947
1465,240.83329658913922
1466,132.96947064479127
1467,271.21680127760226
1468,244.83344267741487
1469,179.3425811454137
1470,264.394954291598
1471,252.09305771053522
1472,55.985240684985925
1473,275.087657203918
1474,134.34187614296715
1475,38.33122121123232
1476,207.69054713636788
1477,157.56635503845615
1478,133.67711738987634
1479,137.2844577682511
1480,0.0
1481,107.39368979470483
1482,219.55321419112903
1483,229.02661932793526
1484,31.06959410225766
1485,202.1565515750854
1486,133.75523246534152
1487,57.50265741434208
1488,212.3933681055418
1489,229.8528615017501
1490,199.12325019175813
1491,258.0423423494155
1492,248.25617472695907
1493,52.90913943094264
1494,235.32415216949116
1495,268.655349944951
1496,91.57025087550777
1497,7.539621421406227
1498,1.9837693154692282
1499,231.09015337345136
1500,226.4230235951913
1501,240.7943523317453
1502,222.02739122206017
1503,29.162521926002853
1504,210.33788338476378
1505,131.5047232951277
1506,157.64277220450177
1507,239.97729287105685
1508,223.38529413280867
1509,0.7000313857531498
1510,174.49561233713192
1511,92.97481701504698
1512,224.90644400939118
1513,109.17097022014411
1514,144.78533920693832
1515,284.3175794247701
1516,88.60524988879789
1517,181.58494873003028
1518,13.919312479419307
1519,113.51768961229827
1520,138.99935767792587
1521,2.132528906468293
1522,8.872494572472494
1523,172.86235932486932
1524,229.5399763435474
1525,248.82036777259273
1526,198.50120436548627
1527,169.59353047385883
1528,212.29693167614892
1529,18.197880045432107
1530,6.830340978247355
1531,0.8342895098384799
1532,156.87492509619955
1533,3.252229445683932
1534,191.63383894109273
1535,123.68321367991432
1536,109.99947763165378
1537,138.50010360154596
1538,136.54065193450776
1539,286.56183977016155
1540,109.43183864359526
1541,194.18231525853338
1542,252.01771199011864
1543,89.60302301562633
1544,127.64916788453553
1545,6.5111971090800225
1546,2.7340455321669097
1547,49.038237656281304
1548,3.983896161512979
1549,3.948726921960084
1550,0.0
1551,3.330158683245562
1552,4.499466272288618
1553,119.42956826111406
1554,15.989934650373225
1555,119.42956826111406
1556,98.94471748059742
1557,17.72674167318525
1558,27.27156537716751
1559,9.1295377053913
1560,1.2905580840771145
1561,13.128314508953073
1562,4.993860262285135
1563,8.65959120539427
1564,35.92455419542897
1565,2.9584680577454363
1566,1.4774184931328143
1567,119.42956826111406
1568,4.280528713679797
1569,6.167496318223975
1570,12.792282314760058
1571,1.8243437951686445
1572,7.557543722563433
1573,24.52615971281902
1574,3.977199103904114
1575,6.069396584375861
1576,21.54727045689716
1577,2.231594890383645
1578,3.5674688024847683
1579,12.123967438040564
1580,1.2742793124945533
1581,7.846927460303514
1582,115.92239042737921
1583,1.3269939590804172
1584,98.56286018423374
1585,115.92239042737921
1586,99.9226256172843
1587,98.56286018423374
1588,115.92239042737921
1589,99.9226256172843
1590,98.56286018423374
1591,115.92239042737921
1592,6.246470228929508
1593,7.710534403640951
1594,26.459821052347376
1595,12.783840585350095
1596,4.408341617363893
1597,9.692394043280599
1598,3.4904434400487596
1599,3.0505202716396833
1600,10.116405443645643
1601,2.5746705422820244
1602,1.0256127073744732
1603,34.40773425995975
1604,4.594355438915772
1605,4.060747538570378
1606,24.831506263798037
1607,0.44894666616644885
1608,2.1493085182794003
1609,9.184229719683469
1610,2.015027962195249
1611,5.002053021962682
1612,74.17433530759759
1613,11.834052957170915
1614,1.4894034548815545
1615,100.88068959720086
1616,5.591867946459409
1617,4.93416405435198
1618,177.78755334391423
1619,224.28467033730607
1620,239.0285832123643
1621,196.95325889956754
1622,39.5390176517913
1623,223.9168822505901
1624,172.77915977575108
1625,142.1680994129058
1626,260.5408896789154
1627,23.45482383900881
1628,201.99688411084747
1629,126.97917563424907
1630,101.34366814291697
1631,70.95836590614852
1632,109.78079935733449
1633,120.80508259781251
1634,276.2455510554851
1635,90.25486378171544
1636,193.67140762742196
1637,232.8561114116557
1638,164.93336952987323
1639,112.00586670911
1640,2.330211742290099
1641,0.9634449167878808
1642,6.627595630381441
1643,155.0519755656076
1644,55.64240691089005
1645,34.23924997678027
1646,155.0519755656076
1647,59.522380235634465
1648,113.48147108980731
1649,88.1154425945708
1650,9.804009419481929
1651,7.6087817001769285
1652,2.718554657295944
1653,19.089210116036128
1654,11.247689443237501
1655,169.16844462412882
1656,146.79418735111784
1657,149.95414431868602
1658,9.33859336275236
1659,12.370454319376112
1660,3.0320806779456335
1661,53.68191537474056
1662,6.37496279991292
1663,165.98150449018638
1664,286.2048666817303
1665,28.687998762162454
1666,235.26788163738038
1667,129.6223898664294
1668,269.98449775590973
1669,127.36030496117243
1670,252.84122278014928
1671,210.51784652349048
1672,151.10268543394312
1673,133.31450655578084
1674,155.0519755656076
1675,298.0017788016533
1676,139.333053268789
1677,155.0519755656076
1678,293.00509667892186
1679,284.4611317752127
1680,97.3105247635427
1681,239.53517826475883
1682,176.5329794937908
1683,2.715961788000904
1684,151.19147343331596
1685,141.0787759288849
1686,144.77525468625726
1687,139.5655120239663
1688,155.05811291684478
1689,115.41851973549686
1690,104.37706351369827
1691,0.8220532630370329
1692,309.71491346238645
1693,276.43595647194604
1694,299.0033015666867
1695,306.3204107028669
1696,237.85456413301844
1697,281.836065918251
1698,287.47002982964494
1699,292.95418164569867
1700,325.43609622490965
1701,237.58273882240564
1702,161.570579676452
1703,270.83935464752284
1704,0.0
1705,155.0519755656076
1706,178.4176098193908
1707,0.0
1708,155.0519755656076
1709,149.62835668829044
1710,190.8698107728829
1711,17.823962750781995
1712,101.77671667339588
1713,178.44033836331135
1714,15.38827525272701
1715,181.39544074819975
1716,131.055118745652
1717,104.02676712193674
1718,151.49575389464172
1719,142.06329327348573
1720,109.73299972294038
1721,144.41330195303166
1722,52.4816713318984
1723,267.7397299962254
1724,264.4039896129827
1725,250.8561372191577
1726,257.96228366454386
1727,243.79469700672493
1728,250.1463013350195
1729,258.6669313604705
1730,243.98797355932493
1731,265.94013865860586
1732,247.81575146470792
1733,263.17508063506995
1734,264.2527926463661
